0.00413911          0.2                 
0.00827822          0.4                 
0.0124173           0.6                 
0.0165564           0.8                 
0.0206955           1                   
0.0248346           1.2                 
0.0289738           1.4                 
0.0331129           1.6                 
0.037252            1.8                 
0.0413911           2                   
0.0455343           2.2                 
0.0496892           2.4                 
0.0538651           2.6                 
0.0580736           2.8                 
0.0622884           3                   
0.0665027           3.2                 
0.0707171           3.4                 
0.0749315           3.6                 
0.0791459           3.8                 
0.0833603           4                   
0.0875748           4.2                 
0.0917893           4.4                 
0.0960038           4.6                 
0.100203            4.8                 
0.104689            5                   
0.109102            5.2                 
0.113549            5.4                 
0.118446            5.6                 
0.123199            5.8                 
0.128254            6                   
0.133456            6.2                 
0.140373            6.4                 
0.145057            6.6                 
0.14967             6.8                 
0.159919            7                   
0.172119            7.2                 
0.184726            7.4                 
0.191413            7.2                 
0.196752            7                   
0.199187            6.8                 
0.202111            6.6                 
0.204854            6.4                 
0.207409            6.2                 
0.208758            6                   
0.218214            5.8                 
0.223081            5.6                 
0.228544            5.4                 
0.236064            5.2                 
0.242233            5                   
0.249352            4.8                 
0.258452            4.6                 
0.267335            4.4                 
0.275907            4.2                 
0.285473            4                   
0.296059            3.8                 
0.309404            3.6                 
0.322354            3.4                 
0.336331            3.2                 
0.3508              3                   
0.36712             2.8                 
0.385845            2.6                 
0.407045            2.4                 
0.427074            2.2                 
0.449471            2                   
0.475662            1.8                 
0.501726            1.6                 
0.530022            1.4                 
0.556281            1.2                 
0.58127             1                   
0.603501            0.8                 
0.604891            0.6        
